V1 V2 V3 V4 V5 V6 V7 V8 V9 V10
1 -0.107968010008335 -0.0307538844645023 0.135555818676949 -0.00244705867953598 -0.000636491749901325 -0.000588568742386997 -0.000151396074215882 -0.000271405646344647 -6.74563052598387e-05 -0.000297708611469716
2 -0.108372531831264 -0.0313252173364162 0.1239158436656 -0.00225717690773308 -0.000591082440223545 -0.000535462633706629 -0.000141140408231877 -0.000252742058364674 -6.42713202978484e-05 -0.000275279220659286
3 -0.109003610908985 -0.0650594979524612 0.1096520870924 -0.002230059588328 -0.000631345727015287 -0.000444091274403036 -0.00015691937005613 -0.000277611747151241 -8.71369484229945e-05 -0.000279954518191516
4 -0.10785023868084 -0.019005311653018 0.134506523609161 -0.00235660769976676 -0.000598083308432251 -0.000593141536228359 -0.000140336385811679 -0.000252665748121217 -5.76076126890257e-05 -0.000284197740256786
5 -0.108218297362328 -0.031184583902359 0.119001053273678 -0.00217447616159916 -0.000570826814509928 -0.000513326493091881 -0.000136487200506963 -0.000244306662352756 -6.26145993010141e-05 -0.000265433569438756
6 -0.112453326582909 -0.0923884212970734 -0.0301401894539595 -7.53629938117228e-05 -0.000146031292388216 0.000209887424716726 -5.14106723130681e-05 -8.30686476547271e-05 -6.54519608360715e-05 -3.04696150124073e-05
7 -0.108848474919796 0.0823105797171593 0.0360587984323502 -8.64232060848735e-05 9.29704910959117e-05 -0.000228558041271754 3.73306611436419e-05 5.85864472668618e-05 5.53902173123788e-05 8.94063850864768e-06
8 -0.110330604016781 0.0399044677615166 -0.0105091100558639 0.000423710298491642 0.000158056354848668 1.57970152940834e-05 4.39117138739675e-05 7.52579944673926e-05 3.5623354051495e-05 5.96119789406657e-05
9 -0.107288219034672 0.114342279732227 0.0737899914383888 -0.000513716018758714 3.32922354573384e-05 -0.000424725061748177 2.99749899568269e-05 4.17153642047197e-05 6.95269991410896e-05 -3.43829742632806e-05
10 -0.110132560133934 0.0685865208506584 -0.0180036928504705 0.000727504200767726 0.000271416007308289 2.68676521955058e-05 7.54174252506346e-05 0.000129265914438292 6.12237490713596e-05 0.000102353631518781
11 -0.109207175672054 0.106125645339489 -0.00813634507358074 0.000797326909378171 0.000340444006724283 -4.76330278615933e-05 9.8515854915604e-05 0.00016699472325854 8.85527770151384e-05 0.000119426927994937
12 -0.10690263658762 0.130868449807167 0.0832672640681267 -0.000568552291952074 4.30062755185645e-05 -0.000480727583635598 3.54171424987726e-05 4.97314322274178e-05 7.99469344201498e-05 -3.70070920325816e-05
13 -0.107640847563744 0.104355007410049 0.0806248933076859 -0.000690205488353968 -2.31033100135392e-05 -0.000447664235252887 1.51270578498952e-05 1.58313469000859e-05 5.92827091168147e-05 -5.76150487177074e-05
14 -0.109599865972996 -0.0361698418855667 0.0626628324389458 -0.00126809522043914 -0.000357916578650475 -0.00025459736934863 -8.88178328750655e-05 -0.000157187721924856 -4.8984798922902e-05 -0.000159012211952358
15 -0.112458847463131 -0.0847337245941162 -0.0358856283128262 6.79955628584139e-05 -0.000100644450867549 0.000229780009249225 -3.95480965380557e-05 -6.23888627160341e-05 -5.74456316826399e-05 -1.16624869406223e-05
16 -0.113699406385422 -0.00311333569698036 -0.138590663671494 0.00228596478700638 0.000550556520465761 0.000629298156127334 0.000125162827316672 0.000227520329644904 4.09225031035021e-05 0.000270694377832115
17 -0.112061262130737 0.0171873308718204 -0.0822549909353256 0.0014759044861421 0.000381802121410146 0.000358339806552976 9.05930355656892e-05 0.000162551732501015 3.97149597120006e-05 0.000179201364517212
18 -0.11327039450407 0.0165448244661093 -0.139412432909012 0.00242223800159991 0.000610854185651988 0.000617366866208613 0.000142780976602808 0.000257308798609301 5.71130804019049e-05 0.000291464210022241
19 -0.108470618724823 0.082329660654068 0.0427304245531559 -0.000196757944650017 6.59085781080648e-05 -0.000258776650298387 3.1168274290394e-05 4.74507396575063e-05 5.33208476554137e-05 -4.21667937189341e-06
20 -0.112139359116554 0.0412683822214603 -0.100802183151245 0.00193512695841491 0.000526310235727578 0.000423022254835814 0.000128325278637931 0.000228410732233897 6.50566507829353e-05 0.000239291635807604
21 -0.112619772553444 0.0306482538580894 -0.121272914111614 0.00220872345380485 0.000578426581341773 0.00052409793715924 0.000138133153086528 0.000247329036938027 6.2859064200893e-05 0.000269377662334591
22 -0.10884653031826 0.0715470314025879 0.0131920501589775 0.000226970703806728 0.000154038265463896 -0.000116590250399895 4.91842765768524e-05 8.13145015854388e-05 5.38392741873395e-05 4.36201808042824e-05
23 -0.111617065966129 -0.0188888218253851 -0.0276093557476997 0.000342131446814165 5.64612855669111e-05 0.000139889001729898 9.2370555648813e-06 1.89297406905098e-05 -6.658610800514e-06 3.61266429536045e-05
24 -0.106759175658226 0.0356374904513359 0.156992435455322 -0.00238903984427452 -0.000530713296029717 -0.000738368951715529 -0.000114249080070294 -0.000211334656341933 -2.03613890334964e-05 -0.000275378697551787
25 -0.112255461513996 -0.123401686549187 0.000579194806050509 -0.00077958288602531 -0.000360052072210237 9.56309013417922e-05 -0.00010635178477969 -0.000179320137249306 -0.000100220007880125 -0.000121348828542978
26 -0.109999656677246 0.0861499607563019 -0.0381906144320965 0.00117270485498011 0.000403896061470732 0.000104180704511236 0.000109106651507318 0.000188442500075325 8.17878535599448e-05 0.000159331189934164
27 -0.111942425370216 0.0528668686747551 -0.100520178675652 0.00200250674970448 0.000558897911105305 0.000412539287935942 0.000138026953209192 0.000244699913309887 7.43648924981244e-05 0.000250026467256248
28 -0.11066397279501 -0.0637264177203178 0.0355917140841484 -0.00099004409275949 -0.000328353344229981 -0.000110205357486848 -8.74598772497848e-05 -0.000151702290168032 -6.28347916062921e-05 -0.000132385001052171
29 -0.109311319887638 0.0189713798463345 0.0404434911906719 -0.000554885249584913 -0.000108236534288153 -0.000197958506760187 -2.10144880838925e-05 -4.03013873437885e-05 2.67271661869017e-06 -6.14162418060005e-05
30 -0.111767940223217 -0.0855298563838005 0.00122209545224905 -0.000554821046534926 -0.000252620026003569 6.26066757831722e-05 -7.44307035347447e-05 -0.000125674268929288 -6.9735455326736e-05 -8.57409322634339e-05
31 -0.108889028429985 0.0711789354681969 0.043198224157095 -0.00027433069772087 3.17860722134355e-05 -0.000251999881584197 2.11878159461776e-05 3.05518915411085e-05 4.41331249021459e-05 -1.59986666403711e-05
32 -0.108286514878273 0.0236447956413031 0.0852251499891281 -0.00126958987675607 -0.000275834376225248 -0.000404268590500578 -5.83596774959005e-05 -0.000108505810203496 -7.56950430513825e-06 -0.000145304831676185
33 -0.110625684261322 -0.0870678722858429 0.0586570501327515 -0.00151912856381387 -0.000489225436467677 -0.000195962711586617 -0.000128761879750527 -0.000224043178604916 -8.89843140612356e-05 -0.000200671318452805
34 -0.113822497427464 -0.138166189193726 -0.0620625130832195 0.000169972583535127 -0.000149782048538327 0.000390698347473517 -6.12200601608492e-05 -9.57867887336761e-05 -9.25457861740142e-05 -1.20024778880179e-05
35 -0.113065995275974 -0.109427481889725 -0.0515904389321804 0.000174725151737221 -0.000108670341433026 0.00032048361026682 -4.62188982055523e-05 -7.17920192983001e-05 -7.25414356566034e-05 -4.69706719741225e-06
36 -0.10976804047823 -0.0535193718969822 0.0756787806749344 -0.00159283541142941 -0.000460714451037347 -0.000299630308290944 -0.000115691989776678 -0.000204052339540794 -6.71285015414469e-05 -0.000201613293029368
37 -0.110806711018085 -0.0956024751067162 0.0369852036237717 -0.00121173809748143 -0.000426466198405251 -9.11425813683309e-05 -0.000116092516691424 -0.000200097070774063 -8.91042582225055e-05 -0.000166177924256772
38 -0.109637312591076 -0.0688018724322319 0.0929218456149101 -0.00197527464479208 -0.000574610137846321 -0.000365467858500779 -0.000144698089570738 -0.000255013263085857 -8.49257048685104e-05 -0.000250564306043088
39 -0.108564749360085 0.0846042260527611 0.0382391363382339 -0.000108080181234982 9.0708774223458e-05 -0.000240265930187888 3.72718423022889e-05 5.82538486924022e-05 5.65690243092831e-05 6.87007559463382e-06
40 -0.111354038119316 -0.122428648173809 0.0330571047961712 -0.00131393864285201 -0.000488311459776014 -5.20277426403482e-05 -0.000135464666527696 -0.00023228776990436 -0.000109617991256528 -0.00018455064855516
41 -0.111924313008785 -0.112146310508251 0.007703329436481 -0.000828044256195426 -0.000356128526618704 5.44608519703615e-05 -0.000103264421341009 -0.000174981978489086 -9.3331778771244e-05 -0.000124455837067217
42 -0.107024073600769 0.111877702176571 0.0706098899245262 -0.000476626999443397 3.91433895856608e-05 -0.000408342166338116 3.08169328491203e-05 4.34752728324383e-05 6.8521432694979e-05 -3.05037829093635e-05
43 -0.11195182800293 0.0167328603565693 -0.0801240503787994 0.00143708498217165 0.000372026494005695 0.000349082925822586 8.82589665707201e-05 0.00015832154895179 3.86720821552444e-05 0.000174546032212675
44 -0.112544141709805 -0.0149030964821577 -0.0998916998505592 0.00156879634596407 0.000360083678970113 0.000463657837826759 7.935258327052e-05 0.000145696132676676 1.92316929314984e-05 0.000182775955181569
45 -0.10955972969532 0.0491826459765434 0.00509083503857255 0.00022244724095799 0.000121858043712564 -6.2153980252333e-05 3.74662558897398e-05 6.25551037956029e-05 3.825554085779e-05 3.78387048840523e-05
46 -0.114611893892288 -0.117773644626141 -0.121906295418739 0.00129240995738655 0.000151064057718031 0.000645136344246566 1.14812228275696e-05 3.38729878421873e-05 -5.72536700929049e-05 0.000126060796901584
47 -0.113767437636852 -0.17897641658783 -0.0315931662917137 -0.000591534830164164 -0.000391077424865216 0.000285398593405262 -0.000124313708511181 -0.000205783027922735 -0.00013518136984203 -0.000111936358734965
48 -0.109096772968769 0.0689224228262901 0.0191818755120039 0.000110181856143754 0.00012248738494236 -0.000141548764077015 4.1441813664278e-05 6.74839538987726e-05 4.9823855079012e-05 2.92271142825484e-05
49 -0.108421668410301 0.0943090543150902 0.0319497920572758 5.60459411644842e-05 0.000144579273182899 -0.000219482535612769 5.14454986841884e-05 8.28000775072724e-05 6.63950340822339e-05 2.87384609691799e-05
50 -0.109110273420811 0.022582083940506 0.0514246076345444 -0.000714227149728686 -0.000142345874337479 -0.000250534212682396 -2.80809854302788e-05 -5.34603350388352e-05 2.16526223084657e-06 -7.95854721218348e-05
51 -0.10820472240448 0.0883469805121422 0.0455041229724884 -0.000206356155104004 7.24726560292765e-05 -0.000276054081041366 3.3816228096839e-05 5.1493028877303e-05 5.73157194594387e-05 -3.83856240659952e-06
52 -0.109375648200512 0.0229780040681362 0.0157753992825747 -0.000119467513286509 2.98972054224578e-06 -8.95963457878679e-05 5.17244279762963e-06 6.79076538290246e-06 1.365643038298e-05 -8.79343133419752e-06
53 -0.110930919647217 -0.0125216096639633 -0.0270837806165218 0.000372946669813246 7.28625818737783e-05 0.000132468223455362 1.42232402140507e-05 2.72494780801935e-05 -1.66467702911177e-06 4.12919325754046e-05
54 -0.11173440515995 0.0106040900573134 -0.0856262072920799 0.00148978119250387 0.000376656331354752 0.000378868484403938 8.81028536241502e-05 0.000158667360665277 3.5422566725174e-05 0.000179435941390693
55 -0.110270336270332 0.0414816066622734 -0.0151699194684625 0.000510593061335385 0.000181625451659784 3.56497876055073e-05 4.95927524752915e-05 8.53407254908234e-05 3.83576079912018e-05 7.03546102158725e-05
56 -0.1082823574543 0.0582192540168762 0.0532202646136284 -0.000521856709383428 -4.62685420643538e-05 -0.000287005736026913 8.27647681944654e-07 -4.95792846777476e-06 3.04866298392881e-05 -4.84191114082932e-05
57 -0.110716737806797 0.0506532974541187 -0.044118020683527 0.00105008773971349 0.000324846245348454 0.000159236529725604 8.41207220219076e-05 0.000147064303746447 5.48783827980515e-05 0.000136467686388642
58 -0.11161695420742 -0.0317165590822697 -0.0722554102540016 0.00100432627368718 0.000199696296476759 0.000352039642166346 3.94366506952792e-05 7.51310435589403e-05 -3.05987032334087e-06 0.000111814006231725
59 -0.108068279922009 0.0840764716267586 0.041193563491106 -0.000159913877723739 7.7061980846338e-05 -0.000253238307777792 3.40687329298817e-05 5.25499635841697e-05 5.52230449102353e-05 5.21889887750149e-07
60 -0.111116081476212 0.0459492169320583 -0.0804358348250389 0.00162453157827258 0.000457968708360568 0.000327235728036612 0.000113599497126415 0.000201065355213359 6.24504682491533e-05 0.000203615520149469
61 -0.108801178634167 0.0429096892476082 0.0324445329606533 -0.00027127968496643 -6.90373099132557e-06 -0.000180895047378726 6.83942289469996e-06 7.69956113799708e-06 2.45983501372393e-05 -2.22952221520245e-05
62 -0.109078712761402 0.0376357585191727 0.0141799310222268 -7.16369015663076e-07 5.16618056281004e-05 -9.40869504120201e-05 1.91777326108422e-05 3.06535221170634e-05 2.60474516835529e-05 8.64331377670169e-06
63 -0.109235137701035 0.0283879637718201 0.0198893174529076 -0.000153050088556483 1.70251348663442e-06 -0.000112566485768184 5.96779227635125e-06 7.73314695834415e-06 1.67655853147153e-05 -1.16393202915788e-05
64 -0.112703651189804 -0.016837265342474 -0.0954107195138931 0.00148220569826663 0.000336351833539084 0.000444913341198117 7.35583307687193e-05 0.00013539704377763 1.62588021339616e-05 0.00017203827155754
65 -0.10913459956646 0.0353151112794876 0.0372273623943329 -0.000398492818931118 -4.81521310575772e-05 -0.000196483291801997 -4.07500920118764e-06 -1.12870220618788e-05 1.69393424584996e-05 -3.9143895264715e-05
66 -0.112049907445908 0.0324084199965 -0.0975197330117226 0.00182317453436553 0.000488051940919831 0.000415337679442018 0.000117794988909736 0.000210088939638808 5.68198956898414e-05 0.000224162999074906
67 -0.111751295626163 0.0103241307660937 -0.0820718482136726 0.00142860296182334 0.000361603713827208 0.000363035767804831 8.45999747980386e-05 0.000152307067764923 3.40762380801607e-05 0.000172142754308879
68 -0.108999162912369 0.0763100832700729 0.0170292351394892 0.000191998595255427 0.000152633831021376 -0.000137679118779488 4.97672554047313e-05 8.17662512417883e-05 5.64855108677875e-05 4.06742328777909e-05
69 -0.112372525036335 0.0343182124197483 -0.112703233957291 0.00208771438337862 0.00055489205988124 0.000482489878777415 0.000133436522446573 0.000238269538385794 6.31299335509539e-05 0.000256014347542077
70 -0.11002141982317 0.0462949275970459 -0.01455242279917 0.000531239551492035 0.000192792940651998 2.89791914838133e-05 5.3108116844669e-05 9.12715622689575e-05 4.20755932282191e-05 7.38278031349182e-05
71 -0.112220115959644 -0.014276260510087 -0.0750508308410645 0.00115994934458286 0.000261449633399025 0.0003507902729325 5.69580297451466e-05 0.000105021434137598 1.19559308586759e-05 0.000134329486172646
72 -0.111241817474365 0.0354586318135262 -0.0525042489171028 0.0010949206771329 0.000314629403874278 0.000209242731216364 7.88220204412937e-05 0.000139148236485198 4.51941341452766e-05 0.000138234929181635
73 -0.112469375133514 -0.0236379597336054 -0.0958106592297554 0.0014466077554971 0.00031821386073716 0.000452136446256191 6.80878001730889e-05 0.00012624028022401 1.0874797226279e-05 0.000166210520546883
74 -0.110837943851948 0.0297300275415182 -0.0419897101819515 0.000884355744346976 0.000255544437095523 0.000166235418873839 6.42043014522642e-05 0.000113265326945111 3.72542672266718e-05 0.000111882458440959
75 -0.112594000995159 0.0096376184374094 -0.105682872235775 0.00181878032162786 0.000454406981589273 0.000470285478513688 0.00010571294114925 0.000190865044714883 4.09459171351045e-05 0.000218121334910393
76 -0.108392722904682 -0.0200896412134171 0.101431839168072 -0.00181254372000694 -0.000467882171506062 -0.00044272662489675 -0.000110790351754986 -0.000198855967028067 -4.8107271140907e-05 -0.000219920708332211
77 -0.108646750450134 -0.0325591862201691 0.106184758245945 -0.00196978868916631 -0.000523102935403585 -0.00045429085730575 -0.000125850041513331 -0.000224836912821047 -5.97091202507727e-05 -0.000241458648815751
78 -0.111496701836586 -0.0662879049777985 -0.0187322814017534 -0.000102391808468383 -0.000116398710815702 0.000137534138048068 -3.95459137507714e-05 -6.4446561736986e-05 -4.78755864605773e-05 -2.75757047347724e-05
79 -0.107929691672325 -0.041922889649868 0.139636993408203 -0.00258440081961453 -0.000685374077875167 -0.000598124810494483 -0.000164743891218677 -0.000294369616312906 -7.77857494540513e-05 -0.00031664379639551
80 -0.112923823297024 -0.125669300556183 -0.0321873612701893 -0.000248834025114775 -0.000234264793107286 0.000245634844759479 -7.80674308771268e-05 -0.000127742852782831 -9.17840370675549e-05 -5.88385737501085e-05
81 -0.110888689756393 -0.0939655676484108 0.0484414994716644 -0.00139224424492568 -0.000467938371002674 -0.000144253819598816 -0.000125247475807555 -0.000216906919376925 -9.13729309104383e-05 -0.000187211902812123
82 -0.113781727850437 -0.146140456199646 -0.0481395237147808 -0.000110982437036 -0.00022924508084543 0.000334062759066001 -8.09186094556935e-05 -0.000130619708215818 -0.00010337201092625 -4.72718966193497e-05
